Base-MNB (emotion):
Confusion matrix:
927.0   8.0     2.0     5.0     46.0    5.0     2.0     4.0     0.0     2.0     4.0     1.0     0.0     2.0     0.0     52.0    0.0     19.0    32.0    0.0     965.0   12.0    0.0     3.0     0.0     0.0     1.0     7.0    
40.0    357.0   4.0     20.0    9.0     0.0     3.0     5.0     1.0     0.0     10.0    0.0     0.0     2.0     0.0     11.0    0.0     8.0     3.0     0.0     732.0   2.0     0.0     4.0     0.0     0.0     1.0     5.0    
10.0    7.0     144.0   61.0    3.0     1.0     3.0     8.0     1.0     5.0     11.0    11.0    0.0     1.0     0.0     6.0     0.0     1.0     0.0     0.0     749.0   3.0     0.0     5.0     0.0     0.0     5.0     2.0    
17.0    25.0    43.0    128.0   32.0    6.0     5.0     6.0     0.0     6.0     38.0    11.0    0.0     2.0     0.0     15.0    0.0     1.0     7.0     0.0     1303.0  5.0     0.0     2.0     0.0     0.0     5.0     0.0    
101.0   15.0    3.0     32.0    231.0   10.0    11.0    10.0    2.0     3.0     31.0    2.0     0.0     3.0     3.0     21.0    0.0     6.0     13.0    0.0     1776.0  18.0    0.0     7.0     0.0     1.0     5.0     1.0    
13.0    2.0     1.0     9.0     15.0    34.0    0.0     2.0     0.0     0.0     2.0     0.0     0.0     0.0     0.0     22.0    0.0     6.0     5.0     0.0     567.0   10.0    0.0     0.0     0.0     1.0     1.0     0.0    
10.0    8.0     3.0     8.0     28.0    0.0     60.0    41.0    1.0     1.0     15.0    0.0     0.0     0.0     0.0     5.0     0.0     2.0     0.0     0.0     744.0   4.0     0.0     1.0     0.0     0.0     0.0     0.0    
15.0    7.0     2.0     9.0     17.0    3.0     16.0    122.0   4.0     1.0     9.0     1.0     0.0     0.0     0.0     5.0     0.0     1.0     2.0     0.0     956.0   0.0     0.0     4.0     0.0     0.0     1.0     4.0    
9.0     3.0     0.0     4.0     8.0     1.0     2.0     0.0     10.0    0.0     0.0     1.0     0.0     0.0     0.0     4.0     0.0     2.0     3.0     0.0     372.0   17.0    0.0     0.0     0.0     0.0     0.0     2.0    
21.0    9.0     5.0     24.0    20.0    3.0     2.0     0.0     1.0     34.0    13.0    4.0     0.0     0.0     0.0     5.0     0.0     0.0     3.0     0.0     759.0   1.0     0.0     5.0     0.0     0.0     16.0    2.0    
17.0    11.0    11.0    28.0    48.0    2.0     11.0    2.0     0.0     7.0     113.0   5.0     1.0     1.0     1.0     8.0     0.0     2.0     3.0     0.0     1261.0  2.0     0.0     5.0     0.0     0.0     5.0     2.0    
14.0    1.0     20.0    34.0    8.0     0.0     1.0     1.0     0.0     5.0     9.0     49.0    1.0     1.0     4.0     1.0     0.0     2.0     0.0     0.0     409.0   2.0     0.0     0.0     0.0     1.0     2.0     2.0    
4.0     5.0     1.0     12.0    8.0     0.0     0.0     1.0     0.0     0.0     5.0     1.0     5.0     0.0     0.0     1.0     0.0     0.0     1.0     0.0     238.0   2.0     1.0     1.0     0.0     2.0     3.0     0.0    
57.0    5.0     6.0     4.0     15.0    1.0     2.0     2.0     0.0     0.0     3.0     1.0     0.0     23.0    1.0     12.0    0.0     34.0    4.0     0.0     416.0   2.0     0.0     0.0     0.0     0.0     3.0     12.0   
9.0     6.0     3.0     6.0     7.0     4.0     1.0     0.0     0.0     2.0     4.0     3.0     0.0     0.0     10.0    0.0     0.0     1.0     0.0     0.0     302.0   0.0     0.0     3.0     0.0     0.0     1.0     0.0    
91.0    3.0     0.0     4.0     10.0    5.0     0.0     3.0     0.0     1.0     3.0     0.0     0.0     2.0     0.0     969.0   0.0     15.0    4.0     0.0     286.0   3.0     0.0     1.0     0.0     0.0     3.0     0.0    
1.0     1.0     0.0     1.0     1.0     1.0     0.0     0.0     0.0     1.0     0.0     0.0     0.0     1.0     0.0     1.0     0.0     0.0     0.0     0.0     70.0    0.0     0.0     0.0     0.0     0.0     2.0     0.0    
69.0    59.0    3.0     3.0     19.0    4.0     0.0     3.0     0.0     0.0     1.0     0.0     0.0     9.0     0.0     30.0    0.0     88.0    26.0    0.0     519.0   7.0     0.0     5.0     0.0     1.0     1.0     2.0    
80.0    3.0     0.0     6.0     12.0    3.0     0.0     2.0     1.0     1.0     2.0     0.0     0.0     1.0     0.0     8.0     0.0     9.0     338.0   0.0     517.0   1.0     0.0     1.0     0.0     0.0     0.0     2.0    
0.0     0.0     0.0     1.0     6.0     1.0     0.0     1.0     0.0     2.0     3.0     0.0     0.0     0.0     0.0     1.0     0.0     0.0     1.0     0.0     153.0   1.0     0.0     0.0     0.0     0.0     1.0     1.0    
310.0   99.0    72.0    153.0   282.0   38.0    54.0    77.0    15.0    37.0    172.0   24.0    2.0     30.0    4.0     95.0    2.0     40.0    67.0    0.0     9423.0  47.0    1.0     46.0    0.0     4.0     26.0    35.0   
36.0    2.0     2.0     2.0     23.0    8.0     2.0     3.0     2.0     3.0     7.0     1.0     0.0     1.0     0.0     13.0    0.0     6.0     4.0     0.0     684.0   133.0   0.0     0.0     0.0     0.0     1.0     0.0    
22.0    2.0     0.0     2.0     4.0     0.0     0.0     1.0     0.0     0.0     1.0     0.0     0.0     0.0     0.0     3.0     0.0     3.0     0.0     0.0     88.0    1.0     0.0     1.0     0.0     0.0     0.0     0.0    
15.0    5.0     1.0     9.0     36.0    1.0     2.0     6.0     0.0     2.0     13.0    1.0     0.0     2.0     0.0     4.0     0.0     4.0     4.0     0.0     810.0   0.0     0.0     29.0    0.0     0.0     2.0     5.0    
13.0    0.0     0.0     0.0     6.0     3.0     1.0     0.0     0.0     1.0     0.0     0.0     0.0     0.0     0.0     8.0     0.0     3.0     0.0     0.0     118.0   1.0     0.0     1.0     0.0     0.0     0.0     0.0    
3.0     1.0     1.0     2.0     5.0     0.0     0.0     0.0     0.0     2.0     1.0     0.0     0.0     0.0     0.0     13.0    0.0     0.0     2.0     0.0     220.0   0.0     0.0     4.0     0.0     22.0    10.0    0.0    
7.0     5.0     1.0     12.0    10.0    3.0     0.0     1.0     1.0     11.0    7.0     5.0     1.0     0.0     1.0     8.0     0.0     1.0     4.0     0.0     618.0   3.0     0.0     1.0     0.0     4.0     57.0    2.0    
35.0    6.0     4.0     10.0    5.0     2.0     4.0     13.0    0.0     1.0     4.0     0.0     0.0     3.0     0.0     3.0     0.0     2.0     3.0     0.0     494.0   0.0     0.0     2.0     0.0     0.0     2.0     60.0   
Classification report:
remorse: Precision = 0.6111111111111112, Recall = 0.07692307692307693, F1-measure = 0.13664596273291926
disgust: Precision = 0.4049586776859504, Recall = 0.08641975308641975, F1-measure = 0.14244186046511628
surprise: Precision = 0.410958904109589, Recall = 0.09188361408882083, F1-measure = 0.1501877346683354
optimism: Precision = 0.48014440433212996, Recall = 0.14255091103965703, F1-measure = 0.21983471074380165
nervousness: Precision = 0.0, Recall = 0.0, F1-measure = 0.0
approval: Precision = 0.2527352297592998, Recall = 0.1002169197396963, F1-measure = 0.1435228331780056
fear: Precision = 0.4166666666666667, Recall = 0.027624309392265192, F1-measure = 0.05181347150259067
desire: Precision = 0.2564102564102564, Recall = 0.0228310502283105, F1-measure = 0.041928721174004195
caring: Precision = 0.2446043165467626, Recall = 0.04927536231884058, F1-measure = 0.08202653799758745
excitement: Precision = 0.27380952380952384, Recall = 0.03814262023217247, F1-measure = 0.06695778748180496
anger: Precision = 0.43373493975903615, Recall = 0.13886210221793635, F1-measure = 0.21037253469685904
admiration: Precision = 0.4763617677286742, Recall = 0.44163887565507387, F1-measure = 0.4583436341161929
curiosity: Precision = 0.3885350318471338, Recall = 0.10347752332485156, F1-measure = 0.16342933690555927
confusion: Precision = 0.32967032967032966, Recall = 0.0644468313641246, F1-measure = 0.1078167115902965
gratitude: Precision = 0.7318731117824774, Recall = 0.6906628652886672, F1-measure = 0.7106710671067107
joy: Precision = 0.34375, Recall = 0.10365135453474676, F1-measure = 0.15927601809954753
embarrassment: Precision = 0.5, Recall = 0.01718213058419244, F1-measure = 0.03322259136212625
realization: Precision = 0.22137404580152673, Recall = 0.030494216614090432, F1-measure = 0.05360443622920518
love: Precision = 0.6389413988657845, Recall = 0.342451874366768, F1-measure = 0.445910290237467
grief: Precision = 0.0, Recall = 0.0, F1-measure = 0.0
annoyance: Precision = 0.21731748726655348, Recall = 0.07724803862401931, F1-measure = 0.11398040961709707
relief: Precision = 0.0, Recall = 0.0, F1-measure = 0.0
pride: Precision = 0.0, Recall = 0.0, F1-measure = 0.0
amusement: Precision = 0.5450381679389313, Recall = 0.2933442892358258, F1-measure = 0.3814102564102564
neutral: Precision = 0.36882069748326746, Recall = 0.8447333034513671, F1-measure = 0.5134590235396687
sadness: Precision = 0.37012987012987014, Recall = 0.07470511140235911, F1-measure = 0.12431842966194112
disapproval: Precision = 0.23492723492723494, Recall = 0.07309184993531695, F1-measure = 0.1114948199309324
disappointment: Precision = 0.265625, Recall = 0.036677454153182305, F1-measure = 0.06445497630331753
Accuracy = 0.388953556047026, Macro-average F1 = 0.1673972912768337, Weighted-average F1 = 0.31142846857630174


Base-MNB (sentiment):
Confusion matrix:
263.0   865.0   1232.0  1501.0 
541.0   1708.0  2480.0  2957.0 
667.0   2444.0  3578.0  4271.0 
745.0   2576.0  3884.0  4652.0 
Classification report:
negative: Precision = 0.22494402739365205, Recall = 0.2222222222222222, F1-measure = 0.22357484128542443
ambiguous: Precision = 0.11868231046931407, Recall = 0.06811706811706812, F1-measure = 0.08655586638143821
positive: Precision = 0.3476571257753531, Recall = 0.3923420764105592, F1-measure = 0.3686504477375387
neutral: Precision = 0.32020762484338644, Recall = 0.32645985401459854, F1-measure = 0.3233035149543689
Accuracy = 0.29685135607030616, Macro-average F1 = 0.25052116758969256, Weighted-average F1 = 0.2900443287435218


Base-DT (emotion):
Confusion matrix:
1186.0  35.0    23.0    37.0    135.0   29.0    11.0    20.0    14.0    15.0    21.0    6.0     0.0     31.0    2.0     47.0    2.0     62.0    81.0    2.0     272.0   18.0    9.0     15.0    2.0     2.0     3.0     19.0   
73.0    691.0   12.0    35.0    29.0    12.0    12.0    8.0     5.0     12.0    19.0    7.0     4.0     18.0    3.0     9.0     0.0     52.0    10.0    1.0     182.0   8.0     0.0     4.0     0.0     1.0     3.0     7.0    
10.0    35.0    393.0   140.0   34.0    12.0    14.0    15.0    3.0     44.0    43.0    27.0    6.0     5.0     10.0    3.0     2.0     4.0     2.0     0.0     201.0   6.0     0.0     6.0     1.0     2.0     9.0     10.0   
46.0    80.0    237.0   368.0   103.0   29.0    43.0    32.0    8.0     84.0    101.0   45.0    17.0    10.0    4.0     13.0    2.0     5.0     8.0     2.0     386.0   7.0     0.0     7.0     2.0     1.0     13.0    4.0    
185.0   69.0    47.0    154.0   636.0   78.0    35.0    37.0    32.0    45.0    75.0    19.0    9.0     26.0    10.0    24.0    0.0     37.0    36.0    2.0     646.0   34.0    2.0     31.0    2.0     5.0     17.0    12.0   
37.0    9.0     25.0    48.0    84.0    199.0   10.0    6.0     7.0     15.0    18.0    1.0     3.0     6.0     3.0     14.0    1.0     16.0    13.0    5.0     138.0   11.0    1.0     5.0     2.0     5.0     8.0     0.0    
24.0    28.0    28.0    62.0    49.0    10.0    268.0   119.0   4.0     20.0    29.0    3.0     6.0     2.0     4.0     3.0     0.0     3.0     3.0     1.0     233.0   7.0     0.0     10.0    0.0     2.0     4.0     9.0    
32.0    18.0    41.0    72.0    48.0    11.0    193.0   409.0   12.0    14.0    16.0    3.0     4.0     11.0    3.0     2.0     1.0     6.0     7.0     0.0     237.0   5.0     0.0     6.0     3.0     1.0     5.0     19.0   
22.0    15.0    12.0    18.0    33.0    19.0    6.0     5.0     113.0   7.0     11.0    3.0     2.0     8.0     4.0     5.0     1.0     8.0     9.0     0.0     93.0    34.0    0.0     5.0     0.0     1.0     3.0     1.0    
23.0    24.0    41.0    114.0   60.0    26.0    23.0    13.0    9.0     159.0   64.0    27.0    11.0    5.0     4.0     0.0     3.0     2.0     3.0     5.0     224.0   5.0     1.0     14.0    2.0     9.0     46.0    10.0   
35.0    33.0    98.0    181.0   123.0   25.0    51.0    26.0    13.0    82.0    357.0   17.0    12.0    3.0     7.0     6.0     2.0     8.0     6.0     1.0     403.0   6.0     0.0     18.0    0.0     2.0     18.0    13.0   
15.0    13.0    77.0    93.0    25.0    2.0     9.0     10.0    0.0     24.0    31.0    124.0   9.0     2.0     11.0    0.0     2.0     1.0     3.0     2.0     97.0    1.0     0.0     3.0     1.0     1.0     6.0     5.0    
6.0     19.0    19.0    34.0    17.0    3.0     7.0     6.0     2.0     13.0    14.0    17.0    52.0    0.0     5.0     0.0     2.0     0.0     1.0     3.0     54.0    0.0     0.0     5.0     0.0     6.0     3.0     3.0    
84.0    20.0    12.0    22.0    47.0    7.0     17.0    24.0    8.0     14.0    14.0    4.0     2.0     118.0   3.0     12.0    0.0     27.0    15.0    1.0     115.0   9.0     0.0     4.0     0.0     0.0     4.0     20.0   
8.0     7.0     22.0    26.0    19.0    10.0    9.0     3.0     5.0     22.0    12.0    14.0    6.0     4.0     114.0   1.0     3.0     1.0     0.0     1.0     58.0    0.0     0.0     6.0     0.0     1.0     6.0     4.0    
109.0   7.0     3.0     23.0    34.0    15.0    1.0     9.0     0.0     11.0    7.0     1.0     1.0     12.0    0.0     1033.0  0.0     24.0    8.0     0.0     58.0    17.0    1.0     3.0     5.0     12.0    5.0     4.0    
3.0     0.0     9.0     4.0     6.0     4.0     1.0     1.0     1.0     7.0     1.0     0.0     0.0     0.0     2.0     1.0     9.0     0.0     0.0     0.0     20.0    1.0     0.0     1.0     0.0     1.0     7.0     1.0    
100.0   126.0   4.0     21.0    68.0    19.0    4.0     6.0     6.0     8.0     8.0     1.0     2.0     44.0    2.0     35.0    0.0     208.0   40.0    0.0     115.0   8.0     2.0     7.0     10.0    1.0     1.0     3.0    
153.0   15.0    5.0     16.0    44.0    20.0    5.0     8.0     12.0    13.0    9.0     1.0     1.0     15.0    1.0     12.0    1.0     47.0    493.0   1.0     103.0   5.0     0.0     3.0     0.0     1.0     1.0     2.0    
2.0     3.0     5.0     16.0    21.0    9.0     6.0     7.0     1.0     14.0    7.0     6.0     5.0     1.0     7.0     0.0     1.0     0.0     0.0     15.0    36.0    4.0     0.0     1.0     0.0     2.0     2.0     1.0    
567.0   336.0   403.0   724.0   1071.0  257.0   437.0   397.0   138.0   282.0   493.0   116.0   50.0    167.0   74.0    91.0    14.0    158.0   122.0   36.0    4773.0  117.0   10.0    149.0   9.0     35.0    60.0    69.0   
65.0    16.0    15.0    42.0    99.0    37.0    15.0    16.0    44.0    22.0    33.0    6.0     3.0     20.0    1.0     17.0    0.0     25.0    11.0    0.0     218.0   208.0   5.0     10.0    2.0     2.0     1.0     0.0    
23.0    2.0     2.0     6.0     14.0    6.0     1.0     2.0     0.0     3.0     1.0     1.0     1.0     2.0     0.0     3.0     1.0     7.0     0.0     0.0     36.0    4.0     11.0    1.0     0.0     1.0     0.0     0.0    
38.0    29.0    22.0    65.0    128.0   19.0    27.0    23.0    14.0    38.0    58.0    9.0     7.0     7.0     9.0     6.0     0.0     12.0    9.0     5.0     321.0   6.0     2.0     64.0    0.0     10.0    7.0     16.0   
17.0    1.0     3.0     2.0     28.0    15.0    3.0     0.0     0.0     4.0     3.0     1.0     1.0     2.0     1.0     7.0     0.0     10.0    0.0     0.0     38.0    2.0     0.0     3.0     13.0    0.0     1.0     0.0    
5.0     1.0     6.0     21.0    13.0    13.0    6.0     4.0     2.0     15.0    8.0     3.0     6.0     2.0     1.0     20.0    5.0     1.0     3.0     1.0     37.0    0.0     0.0     11.0    0.0     75.0    26.0    1.0    
17.0    15.0    29.0    64.0    35.0    19.0    15.0    6.0     5.0     92.0    33.0    15.0    13.0    3.0     10.0    2.0     10.0    6.0     5.0     8.0     169.0   5.0     1.0     11.0    0.0     29.0    143.0   3.0    
53.0    19.0    28.0    33.0    26.0    2.0     24.0    44.0    5.0     23.0    19.0    7.0     7.0     23.0    7.0     4.0     2.0     13.0    2.0     1.0     161.0   4.0     0.0     7.0     1.0     3.0     5.0     130.0  
Classification report:
remorse: Precision = 0.35545023696682465, Recall = 0.26223776223776224, F1-measure = 0.30181086519114686
disgust: Precision = 0.256198347107438, Recall = 0.21869488536155202, F1-measure = 0.23596574690770694
surprise: Precision = 0.3551912568306011, Recall = 0.1990811638591118, F1-measure = 0.2551521099116781
optimism: Precision = 0.39097744360902253, Recall = 0.22293676312968919, F1-measure = 0.2839590443686007
nervousness: Precision = 0.16129032258064516, Recall = 0.0872093023255814, F1-measure = 0.11320754716981131
approval: Precision = 0.2099702872235061, Recall = 0.2759219088937093, F1-measure = 0.23847019122609672
fear: Precision = 0.37748344370860926, Recall = 0.3149171270718232, F1-measure = 0.3433734939759036
desire: Precision = 0.24406047516198703, Recall = 0.2579908675799087, F1-measure = 0.2508324084350721
caring: Precision = 0.21940463065049615, Recall = 0.28840579710144926, F1-measure = 0.24921728240450847
excitement: Precision = 0.21572212065813529, Recall = 0.1956882255389718, F1-measure = 0.20521739130434782
anger: Precision = 0.24244293645897594, Recall = 0.3789778206364513, F1-measure = 0.2957110609480813
admiration: Precision = 0.4036759700476515, Recall = 0.5650309671272035, F1-measure = 0.47091522731784796
curiosity: Precision = 0.32563694267515925, Recall = 0.3469041560644614, F1-measure = 0.3359342915811088
confusion: Precision = 0.21388667198723066, Recall = 0.2878625134264232, F1-measure = 0.24542124542124544
gratitude: Precision = 0.754014598540146, Recall = 0.7362794012829651, F1-measure = 0.7450414713306888
joy: Precision = 0.27994616419919244, Recall = 0.24499411071849234, F1-measure = 0.26130653266331655
embarrassment: Precision = 0.21666666666666667, Recall = 0.17869415807560138, F1-measure = 0.1958568738229755
realization: Precision = 0.15609756097560976, Recall = 0.06729758149316509, F1-measure = 0.0940484937545922
love: Precision = 0.553932584269663, Recall = 0.49949341438703143, F1-measure = 0.5253063399041022
grief: Precision = 0.140625, Recall = 0.1125, F1-measure = 0.125
annoyance: Precision = 0.15075788611224908, Recall = 0.22208811104405551, F1-measure = 0.1795998047828209
relief: Precision = 0.23636363636363636, Recall = 0.08387096774193549, F1-measure = 0.12380952380952381
pride: Precision = 0.24444444444444444, Recall = 0.0859375, F1-measure = 0.12716763005780346
amusement: Precision = 0.414765906362545, Recall = 0.5677896466721446, F1-measure = 0.4793617759278529
neutral: Precision = 0.5064728353140917, Recall = 0.42787987449574183, F1-measure = 0.46387093639146704
sadness: Precision = 0.35135135135135137, Recall = 0.1874180865006553, F1-measure = 0.24444444444444446
disapproval: Precision = 0.2372093023255814, Recall = 0.23091849935316947, F1-measure = 0.23402163225172073
disappointment: Precision = 0.1442831215970962, Recall = 0.1715210355987055, F1-measure = 0.15672745194677182
Accuracy = 0.3597369340006984, Macro-average F1 = 0.27788395775897273, Weighted-average F1 = 0.36075283985014966


Base-DT (sentiment):
Confusion matrix:
542.0   1055.0  1145.0  1119.0 
1107.0  1933.0  2400.0  2246.0 
1453.0  2809.0  3414.0  3284.0 
1643.0  3049.0  3623.0  3542.0 
Classification report:
negative: Precision = 0.218516843771196, Recall = 0.251496226906063, F1-measure = 0.23384950399225743
ambiguous: Precision = 0.11422550052687039, Recall = 0.14037814037814036, F1-measure = 0.12595863351150358
positive: Precision = 0.34756157393778825, Recall = 0.29872649068061063, F1-measure = 0.32129898403483315
neutral: Precision = 0.3226233226233226, Recall = 0.3114963503649635, F1-measure = 0.31696221335066377
Accuracy = 0.2744441857758119, Macro-average F1 = 0.2495173337223145, Weighted-average F1 = 0.2784088430827813


Base-MLP (emotion):
Confusion matrix:
957.0   27.0    14.0    22.0    158.0   24.0    7.0     21.0    14.0    14.0    19.0    6.0     2.0     51.0    2.0     79.0    5.0     94.0    100.0   2.0     366.0   28.0    11.0    31.0    8.0     3.0     3.0     31.0   
43.0    576.0   11.0    29.0    38.0    12.0    11.0    11.0    7.0     10.0    14.0    10.0    4.0     24.0    1.0     9.0     0.0     100.0   14.0    0.0     228.0   12.0    0.0     24.0    2.0     5.0     7.0     15.0   
3.0     21.0    312.0   103.0   31.0    15.0    13.0    12.0    5.0     33.0    54.0    52.0    8.0     9.0     9.0     4.0     3.0     8.0     1.0     1.0     267.0   6.0     1.0     27.0    4.0     2.0     19.0    14.0   
25.0    49.0    139.0   255.0   106.0   21.0    42.0    36.0    15.0    80.0    108.0   84.0    20.0    15.0    5.0     14.0    3.0     16.0    13.0    2.0     509.0   13.0    2.0     38.0    5.0     1.0     25.0    16.0   
110.0   37.0    15.0    79.0    567.0   81.0    30.0    25.0    41.0    44.0    63.0    30.0    14.0    31.0    8.0     29.0    1.0     51.0    38.0    8.0     776.0   48.0    7.0     107.0   14.0    7.0     23.0    21.0   
20.0    6.0     8.0     23.0    65.0    185.0   5.0     7.0     8.0     18.0    17.0    4.0     3.0     10.0    6.0     17.0    3.0     19.0    12.0    4.0     179.0   15.0    3.0     14.0    12.0    8.0     15.0    4.0    
17.0    19.0    15.0    26.0    49.0    12.0    211.0   110.0   4.0     17.0    32.0    6.0     10.0    5.0     3.0     4.0     2.0     3.0     3.0     1.0     314.0   12.0    2.0     28.0    0.0     2.0     9.0     15.0   
21.0    13.0    15.0    46.0    39.0    8.0     127.0   394.0   17.0    10.0    16.0    2.0     3.0     20.0    4.0     2.0     1.0     11.0    5.0     1.0     350.0   11.0    0.0     23.0    2.0     2.0     7.0     29.0   
10.0    9.0     2.0     7.0     27.0    13.0    4.0     5.0     127.0   6.0     6.0     1.0     4.0     12.0    3.0     5.0     1.0     8.0     15.0    1.0     109.0   39.0    0.0     14.0    2.0     1.0     4.0     3.0    
12.0    14.0    20.0    55.0    63.0    12.0    20.0    12.0    8.0     137.0   56.0    37.0    15.0    10.0    4.0     5.0     4.0     9.0     6.0     6.0     275.0   9.0     1.0     36.0    4.0     12.0    73.0    12.0   
19.0    17.0    46.0    109.0   110.0   25.0    36.0    20.0    17.0    65.0    312.0   37.0    18.0    5.0     8.0     6.0     5.0     12.0    8.0     2.0     538.0   11.0    0.0     62.0    0.0     5.0     38.0    15.0   
9.0     8.0     44.0    51.0    29.0    2.0     6.0     10.0    1.0     19.0    24.0    147.0   12.0    3.0     13.0    1.0     1.0     5.0     2.0     3.0     135.0   5.0     0.0     12.0    1.0     4.0     14.0    6.0    
3.0     9.0     8.0     19.0    12.0    3.0     8.0     7.0     3.0     11.0    10.0    22.0    60.0    0.0     2.0     2.0     3.0     2.0     0.0     2.0     76.0    0.0     3.0     9.0     0.0     6.0     5.0     6.0    
49.0    14.0    11.0    10.0    35.0    5.0     12.0    23.0    8.0     11.0    8.0     5.0     3.0     121.0   3.0     16.0    0.0     49.0    13.0    1.0     146.0   12.0    0.0     10.0    3.0     0.0     6.0     29.0   
3.0     7.0     14.0    14.0    14.0    8.0     5.0     3.0     4.0     13.0    10.0    23.0    6.0     5.0     117.0   1.0     3.0     2.0     0.0     4.0     80.0    0.0     0.0     12.0    0.0     1.0     8.0     5.0    
83.0    6.0     1.0     14.0    27.0    14.0    3.0     9.0     1.0     11.0    6.0     2.0     2.0     11.0    0.0     1033.0  1.0     35.0    11.0    1.0     76.0    18.0    3.0     4.0     8.0     11.0    9.0     3.0    
2.0     0.0     7.0     2.0     4.0     4.0     0.0     1.0     1.0     4.0     1.0     0.0     1.0     1.0     1.0     2.0     11.0    0.0     0.0     0.0     24.0    0.0     0.0     3.0     1.0     1.0     8.0     1.0    
54.0    97.0    2.0     6.0     58.0    21.0    4.0     5.0     7.0     8.0     8.0     0.0     3.0     37.0    2.0     30.0    0.0     255.0   47.0    0.0     147.0   11.0    3.0     18.0    15.0    2.0     4.0     5.0    
92.0    10.0    7.0     5.0     34.0    11.0    7.0     8.0     7.0     6.0     5.0     0.0     1.0     15.0    0.0     18.0    1.0     59.0    538.0   0.0     131.0   12.0    1.0     7.0     2.0     3.0     3.0     4.0    
0.0     0.0     4.0     9.0     17.0    6.0     4.0     4.0     2.0     15.0    5.0     6.0     4.0     1.0     6.0     0.0     1.0     1.0     0.0     23.0    46.0    2.0     0.0     4.0     0.0     4.0     6.0     2.0    
332.0   225.0   221.0   390.0   904.0   212.0   315.0   320.0   145.0   222.0   437.0   159.0   56.0    165.0   52.0    89.0    20.0    183.0   127.0   30.0    5595.0  164.0   17.0    428.0   49.0    48.0    123.0   127.0  
39.0    10.0    8.0     22.0    76.0    30.0    8.0     10.0    44.0    16.0    25.0    6.0     4.0     20.0    3.0     16.0    1.0     22.0    14.0    0.0     246.0   248.0   9.0     35.0    9.0     1.0     7.0     4.0    
15.0    2.0     1.0     3.0     12.0    5.0     0.0     3.0     0.0     3.0     1.0     0.0     0.0     3.0     0.0     5.0     1.0     5.0     2.0     0.0     44.0    4.0     15.0    3.0     0.0     1.0     0.0     0.0    
19.0    18.0    12.0    23.0    127.0   13.0    21.0    15.0    17.0    28.0    43.0    10.0    8.0     6.0     8.0     8.0     2.0     8.0     9.0     4.0     351.0   10.0    3.0     138.0   3.0     12.0    15.0    20.0   
8.0     1.0     2.0     1.0     25.0    11.0    1.0     1.0     0.0     2.0     3.0     0.0     0.0     1.0     1.0     8.0     0.0     16.0    1.0     0.0     37.0    4.0     0.0     5.0     24.0    0.0     3.0     0.0    
2.0     1.0     1.0     15.0    11.0    11.0    5.0     4.0     2.0     8.0     6.0     4.0     6.0     2.0     2.0     19.0    5.0     1.0     2.0     1.0     34.0    0.0     0.0     12.0    0.0     93.0    38.0    1.0    
8.0     7.0     13.0    23.0    34.0    12.0    10.0    5.0     8.0     77.0    33.0    17.0    14.0    3.0     9.0     6.0     9.0     7.0     8.0     6.0     173.0   7.0     0.0     27.0    4.0     37.0    200.0   6.0    
29.0    10.0    19.0    15.0    25.0    3.0     18.0    33.0    5.0     19.0    15.0    6.0     7.0     27.0    5.0     5.0     1.0     14.0    2.0     1.0     176.0   3.0     1.0     28.0    3.0     2.0     9.0     172.0  
Classification report:
remorse: Precision = 0.33941605839416056, Recall = 0.32517482517482516, F1-measure = 0.3321428571428571
disgust: Precision = 0.21745562130177515, Recall = 0.25925925925925924, F1-measure = 0.23652453740949317
surprise: Precision = 0.303886925795053, Recall = 0.26339969372128635, F1-measure = 0.28219852337981954
optimism: Precision = 0.3522727272727273, Recall = 0.2658092175777063, F1-measure = 0.3029932803909591
nervousness: Precision = 0.22115384615384615, Recall = 0.13372093023255813, F1-measure = 0.16666666666666663
approval: Precision = 0.21023359288097887, Recall = 0.24598698481561823, F1-measure = 0.2267093162734906
fear: Precision = 0.4223826714801444, Recall = 0.32320441988950277, F1-measure = 0.36619718309859156
desire: Precision = 0.24517374517374518, Recall = 0.2899543378995434, F1-measure = 0.2656903765690377
caring: Precision = 0.2374839537869063, Recall = 0.26811594202898553, F1-measure = 0.25187202178352625
excitement: Precision = 0.19738988580750408, Recall = 0.20066334991708126, F1-measure = 0.19901315789473684
anger: Precision = 0.32098765432098764, Recall = 0.3008678881388621, F1-measure = 0.3106022896963664
admiration: Precision = 0.48235887096774194, Recall = 0.45593139590281084, F1-measure = 0.46877296105804556
curiosity: Precision = 0.35368043087971274, Recall = 0.3341815097540288, F1-measure = 0.3436546009594417
confusion: Precision = 0.22615219721329047, Recall = 0.22663802363050484, F1-measure = 0.22639484978540775
gratitude: Precision = 0.7208653175157014, Recall = 0.7362794012829651, F1-measure = 0.7284908321579691
joy: Precision = 0.2562814070351759, Recall = 0.3003533568904594, F1-measure = 0.2765726681127983
embarrassment: Precision = 0.20833333333333334, Recall = 0.20618556701030927, F1-measure = 0.2072538860103627
realization: Precision = 0.11906816220880069, Recall = 0.14511041009463724, F1-measure = 0.13080568720379146
love: Precision = 0.5428859737638748, Recall = 0.5450861195542046, F1-measure = 0.5439838220424671
grief: Precision = 0.125, Recall = 0.1375, F1-measure = 0.13095238095238096
annoyance: Precision = 0.18531976744186046, Recall = 0.15389257694628847, F1-measure = 0.1681503461918892
relief: Precision = 0.13714285714285715, Recall = 0.15483870967741936, F1-measure = 0.14545454545454545
pride: Precision = 0.18292682926829268, Recall = 0.1171875, F1-measure = 0.14285714285714285
amusement: Precision = 0.4748557295960429, Recall = 0.4732949876746097, F1-measure = 0.4740740740740741
neutral: Precision = 0.48958697934896744, Recall = 0.5015688032272524, F1-measure = 0.4955054687154054
sadness: Precision = 0.2936857562408223, Recall = 0.2621231979030144, F1-measure = 0.27700831024930755
disapproval: Precision = 0.23335826477187735, Recall = 0.2018111254851229, F1-measure = 0.21644120707596257
disappointment: Precision = 0.15104740904079383, Recall = 0.14778856526429343, F1-measure = 0.1494002181025082
Accuracy = 0.37315213595623326, Macro-average F1 = 0.28808511468960873, Weighted-average F1 = 0.37275176373058944


Base-MLP (sentiment):
Confusion matrix:
398.0   992.0   1127.0  1344.0 
790.0   1844.0  2352.0  2700.0 
1054.0  2671.0  3336.0  3899.0 
1149.0  2917.0  3530.0  4261.0 
Classification report:
negative: Precision = 0.21889838556505223, Recall = 0.2399167317200104, F1-measure = 0.22892613283674734
ambiguous: Precision = 0.11736950751990563, Recall = 0.10308210308210308, F1-measure = 0.10976282404853833
positive: Precision = 0.34914782038675846, Recall = 0.35936577549127097, F1-measure = 0.35418311790864887
neutral: Precision = 0.3224746254229096, Recall = 0.3043795620437956, F1-measure = 0.31316592349213795
Accuracy = 0.2863170760097777, Macro-average F1 = 0.25150949957151814, Weighted-average F1 = 0.2856235674296161


Top-MNB {'alpha': 0.5} (emotion):
Confusion matrix:
1080.0  15.0    2.0     7.0     65.0    10.0    7.0     9.0     5.0     8.0     8.0     1.0     0.0     3.0     2.0     65.0    0.0     37.0    57.0    0.0     671.0   22.0    0.0     8.0     0.0     0.0     1.0     16.0   
37.0    539.0   9.0     22.0    16.0    6.0     7.0     6.0     2.0     2.0     16.0    1.0     0.0     5.0     1.0     13.0    0.0     18.0    11.0    0.0     477.0   7.0     0.0     10.0    0.0     0.0     5.0     7.0    
13.0    12.0    209.0   92.0    15.0    6.0     7.0     12.0    2.0     14.0    32.0    19.0    0.0     4.0     2.0     6.0     0.0     3.0     6.0     0.0     556.0   4.0     0.0     8.0     0.0     0.0     10.0    5.0    
24.0    47.0    85.0    204.0   61.0    16.0    15.0    16.0    6.0     15.0    68.0    24.0    3.0     5.0     1.0     17.0    0.0     7.0     10.0    0.0     991.0   10.0    0.0     9.0     0.0     0.0     18.0    5.0    
130.0   32.0    10.0    52.0    314.0   36.0    19.0    23.0    9.0     12.0    59.0    7.0     0.0     6.0     4.0     32.0    0.0     16.0    26.0    0.0     1434.0  36.0    0.0     22.0    0.0     6.0     12.0    8.0    
18.0    4.0     4.0     17.0    27.0    96.0    1.0     4.0     1.0     6.0     7.0     1.0     0.0     1.0     2.0     28.0    0.0     11.0    5.0     0.0     420.0   27.0    0.0     0.0     0.0     4.0     6.0     0.0    
9.0     13.0    8.0     13.0    27.0    2.0     119.0   71.0    1.0     7.0     27.0    2.0     0.0     3.0     2.0     9.0     0.0     1.0     4.0     0.0     595.0   5.0     0.0     4.0     0.0     1.0     3.0     5.0    
22.0    16.0    5.0     17.0    24.0    12.0    41.0    218.0   6.0     5.0     12.0    2.0     0.0     3.0     0.0     10.0    0.0     3.0     7.0     0.0     749.0   3.0     0.0     9.0     0.0     1.0     3.0     11.0   
15.0    4.0     1.0     10.0    7.0     7.0     4.0     2.0     40.0    4.0     6.0     1.0     0.0     2.0     0.0     4.0     0.0     6.0     3.0     1.0     285.0   31.0    0.0     1.0     0.0     0.0     1.0     3.0    
23.0    17.0    13.0    44.0    25.0    10.0    7.0     3.0     3.0     72.0    28.0    8.0     2.0     2.0     2.0     6.0     0.0     2.0     5.0     0.0     588.0   10.0    0.0     12.0    0.0     4.0     35.0    6.0    
23.0    18.0    31.0    64.0    64.0    12.0    23.0    9.0     2.0     21.0    202.0   12.0    5.0     1.0     2.0     8.0     0.0     7.0     4.0     0.0     987.0   8.0     0.0     17.0    0.0     1.0     17.0    8.0    
16.0    5.0     35.0    41.0    11.0    2.0     3.0     2.0     0.0     9.0     14.0    92.0    4.0     1.0     5.0     1.0     1.0     4.0     3.0     0.0     298.0   5.0     0.0     3.0     0.0     1.0     5.0     6.0    
9.0     9.0     3.0     22.0    8.0     1.0     3.0     2.0     0.0     2.0     5.0     6.0     17.0    0.0     3.0     2.0     0.0     0.0     1.0     0.0     176.0   3.0     1.0     6.0     0.0     5.0     7.0     0.0    
67.0    11.0    8.0     3.0     25.0    1.0     3.0     10.0    1.0     2.0     4.0     1.0     0.0     52.0    2.0     15.0    0.0     37.0    10.0    0.0     311.0   9.0     0.0     3.0     0.0     1.0     4.0     23.0   
8.0     6.0     9.0     11.0    10.0    5.0     1.0     4.0     1.0     4.0     4.0     8.0     0.0     2.0     35.0    0.0     0.0     2.0     0.0     0.0     235.0   2.0     0.0     4.0     0.0     2.0     7.0     2.0    
95.0    5.0     1.0     5.0     13.0    6.0     2.0     4.0     0.0     2.0     3.0     0.0     0.0     3.0     0.0     1060.0  0.0     24.0    7.0     0.0     151.0   11.0    0.0     3.0     0.0     5.0     3.0     0.0    
2.0     1.0     1.0     2.0     2.0     1.0     0.0     0.0     0.0     3.0     1.0     1.0     0.0     1.0     0.0     0.0     0.0     0.0     0.0     0.0     54.0    1.0     0.0     1.0     0.0     2.0     7.0     0.0    
82.0    88.0    3.0     2.0     25.0    11.0    1.0     6.0     3.0     4.0     4.0     0.0     0.0     17.0    0.0     40.0    0.0     159.0   42.0    0.0     335.0   11.0    0.0     8.0     1.0     1.0     1.0     5.0    
103.0   6.0     0.0     5.0     16.0    6.0     2.0     2.0     2.0     2.0     6.0     0.0     0.0     1.0     0.0     12.0    0.0     19.0    456.0   0.0     336.0   8.0     0.0     3.0     0.0     0.0     0.0     2.0    
0.0     0.0     1.0     3.0     12.0    5.0     1.0     1.0     0.0     5.0     4.0     2.0     0.0     0.0     2.0     4.0     1.0     0.0     1.0     2.0     121.0   3.0     0.0     2.0     0.0     0.0     1.0     1.0    
385.0   167.0   153.0   255.0   439.0   111.0   146.0   174.0   36.0    98.0    292.0   53.0    9.0     65.0    22.0    122.0   2.0     72.0    111.0   5.0     8011.0  109.0   9.0     145.0   1.0     12.0    72.0    79.0   
41.0    5.0     7.0     6.0     44.0    18.0    5.0     6.0     11.0    5.0     16.0    3.0     0.0     2.0     1.0     19.0    0.0     11.0    7.0     0.0     509.0   209.0   0.0     4.0     1.0     0.0     2.0     1.0    
26.0    1.0     0.0     2.0     8.0     1.0     0.0     1.0     0.0     3.0     3.0     0.0     0.0     1.0     0.0     7.0     0.0     5.0     0.0     0.0     63.0    1.0     1.0     4.0     0.0     0.0     1.0     0.0    
25.0    14.0    2.0     17.0    58.0    10.0    11.0    10.0    0.0     18.0    28.0    3.0     2.0     4.0     4.0     8.0     0.0     4.0     4.0     0.0     642.0   6.0     0.0     59.0    0.0     1.0     7.0     14.0   
16.0    0.0     1.0     1.0     8.0     7.0     0.0     0.0     0.0     1.0     1.0     0.0     0.0     0.0     0.0     11.0    0.0     7.0     0.0     0.0     93.0    4.0     0.0     3.0     2.0     0.0     0.0     0.0    
3.0     1.0     1.0     5.0     11.0    2.0     2.0     1.0     1.0     4.0     6.0     0.0     1.0     0.0     0.0     17.0    0.0     0.0     2.0     0.0     162.0   1.0     0.0     3.0     0.0     45.0    17.0    1.0    
8.0     6.0     5.0     25.0    12.0    7.0     1.0     5.0     4.0     31.0    14.0    6.0     1.0     0.0     2.0     10.0    0.0     6.0     4.0     0.0     462.0   6.0     0.0     4.0     0.0     15.0    125.0   4.0    
44.0    8.0     10.0    11.0    10.0    2.0     8.0     25.0    1.0     4.0     9.0     2.0     0.0     5.0     3.0     3.0     0.0     3.0     5.0     0.0     388.0   0.0     0.0     10.0    0.0     0.0     3.0     99.0   
Classification report:
remorse: Precision = 0.4205607476635514, Recall = 0.15734265734265734, F1-measure = 0.22900763358778625
disgust: Precision = 0.3607843137254902, Recall = 0.16225749559082892, F1-measure = 0.2238442822384428
surprise: Precision = 0.3183279742765273, Recall = 0.15160796324655437, F1-measure = 0.2053941908713693
optimism: Precision = 0.3786231884057971, Recall = 0.2240085744908896, F1-measure = 0.28148148148148144
nervousness: Precision = 0.25, Recall = 0.011627906976744186, F1-measure = 0.02222222222222222
approval: Precision = 0.2313927781871776, Recall = 0.13622559652928418, F1-measure = 0.17149098853085748
fear: Precision = 0.36082474226804123, Recall = 0.09668508287292818, F1-measure = 0.1525054466230937
desire: Precision = 0.291970802919708, Recall = 0.091324200913242, F1-measure = 0.1391304347826087
caring: Precision = 0.23471882640586797, Recall = 0.1391304347826087, F1-measure = 0.17470427661510465
excitement: Precision = 0.2751322751322751, Recall = 0.08623548922056384, F1-measure = 0.13131313131313133
anger: Precision = 0.3387358184764992, Recall = 0.20154291224686596, F1-measure = 0.25272067714631197
admiration: Precision = 0.46471600688468157, Recall = 0.5145307289185327, F1-measure = 0.4883563192403346
curiosity: Precision = 0.34824281150159747, Recall = 0.18490245971162, F1-measure = 0.24155124653739612
confusion: Precision = 0.27107061503416857, Recall = 0.12781954887218044, F1-measure = 0.1737226277372263
gratitude: Precision = 0.6932635709614127, Recall = 0.7555238774055595, F1-measure = 0.7230559345156888
joy: Precision = 0.3426724137931034, Recall = 0.1872791519434629, F1-measure = 0.2421934501142422
embarrassment: Precision = 0.38636363636363635, Recall = 0.058419243986254296, F1-measure = 0.10149253731343284
realization: Precision = 0.16164383561643836, Recall = 0.06203995793901157, F1-measure = 0.08966565349544074
love: Precision = 0.5764854614412137, Recall = 0.46200607902735563, F1-measure = 0.5129358830146232
grief: Precision = 0.0, Recall = 0.0, F1-measure = 0.0
annoyance: Precision = 0.21294363256784968, Recall = 0.12311406155703078, F1-measure = 0.15602294455066923
relief: Precision = 0.4, Recall = 0.012903225806451613, F1-measure = 0.025
pride: Precision = 0.09090909090909091, Recall = 0.0078125, F1-measure = 0.014388489208633094
amusement: Precision = 0.5133333333333333, Recall = 0.4428923582580115, F1-measure = 0.47551830613145124
neutral: Precision = 0.39855721393034826, Recall = 0.7181532944867772, F1-measure = 0.5126219804831227
sadness: Precision = 0.3351206434316354, Recall = 0.16382699868938402, F1-measure = 0.22007042253521128
disapproval: Precision = 0.229806598407281, Recall = 0.13065976714100905, F1-measure = 0.16659793814432988
disappointment: Precision = 0.19834710743801653, Recall = 0.07766990291262135, F1-measure = 0.11162790697674418
Accuracy = 0.39334768944243975, Macro-average F1 = 0.22280844305039124, Weighted-average F1 = 0.3483048251711594


Top-MNB {'alpha': 0.5} (sentiment):
Confusion matrix:
1161.0  612.0   1291.0  797.0  
406.0   4177.0  1987.0  1116.0 
918.0   1994.0  5107.0  2941.0 
433.0   1057.0  2187.0  8180.0 
Classification report:
negative: Precision = 0.5327806122448979, Recall = 0.5434556336195681, F1-measure = 0.538065180986732
ambiguous: Precision = 0.39787525702535986, Recall = 0.3006993006993007, F1-measure = 0.3425283965186606
positive: Precision = 0.6275893816173086, Recall = 0.6898878299738551, F1-measure = 0.6572656783576393
neutral: Precision = 0.4830684827847143, Recall = 0.46596715328467153, F1-measure = 0.4743637376927363
Accuracy = 0.5419916191363054, Macro-average F1 = 0.503055748388942, Weighted-average F1 = 0.5369077183512249


Top-DT {'criterion': 'gini', 'max_depth': 4, 'min_samples_split': 2} (emotion):
Confusion matrix:
0.0     7.0     0.0     0.0     0.0     0.0     0.0     0.0     0.0     0.0     0.0     0.0     0.0     0.0     0.0     7.0     0.0     0.0     86.0    0.0     1999.0  0.0     0.0     0.0     0.0     0.0     0.0     0.0    
0.0     399.0   0.0     0.0     0.0     0.0     0.0     0.0     0.0     0.0     0.0     0.0     0.0     0.0     0.0     5.0     0.0     0.0     19.0    0.0     794.0   0.0     0.0     0.0     0.0     0.0     0.0     0.0    
0.0     7.0     0.0     0.0     0.0     0.0     0.0     0.0     0.0     0.0     0.0     0.0     0.0     0.0     0.0     4.0     0.0     0.0     6.0     0.0     1020.0  0.0     0.0     0.0     0.0     0.0     0.0     0.0    
0.0     29.0    0.0     0.0     0.0     0.0     0.0     0.0     0.0     0.0     0.0     0.0     0.0     0.0     0.0     17.0    0.0     0.0     16.0    0.0     1595.0  0.0     0.0     0.0     0.0     0.0     0.0     0.0    
0.0     20.0    0.0     0.0     0.0     0.0     0.0     0.0     0.0     0.0     0.0     0.0     0.0     0.0     0.0     12.0    0.0     0.0     31.0    0.0     2242.0  0.0     0.0     0.0     0.0     0.0     0.0     0.0    
0.0     4.0     0.0     0.0     0.0     0.0     0.0     0.0     0.0     0.0     0.0     0.0     0.0     0.0     0.0     4.0     0.0     0.0     12.0    0.0     670.0   0.0     0.0     0.0     0.0     0.0     0.0     0.0    
0.0     13.0    0.0     0.0     0.0     0.0     0.0     0.0     0.0     0.0     0.0     0.0     0.0     0.0     0.0     3.0     0.0     0.0     4.0     0.0     911.0   0.0     0.0     0.0     0.0     0.0     0.0     0.0    
0.0     14.0    0.0     0.0     0.0     0.0     0.0     0.0     0.0     0.0     0.0     0.0     0.0     0.0     0.0     3.0     0.0     0.0     9.0     0.0     1153.0  0.0     0.0     0.0     0.0     0.0     0.0     0.0    
0.0     6.0     0.0     0.0     0.0     0.0     0.0     0.0     0.0     0.0     0.0     0.0     0.0     0.0     0.0     2.0     0.0     0.0     11.0    0.0     419.0   0.0     0.0     0.0     0.0     0.0     0.0     0.0    
0.0     8.0     0.0     0.0     0.0     0.0     0.0     0.0     0.0     0.0     0.0     0.0     0.0     0.0     0.0     2.0     0.0     0.0     10.0    0.0     907.0   0.0     0.0     0.0     0.0     0.0     0.0     0.0    
0.0     14.0    0.0     0.0     0.0     0.0     0.0     0.0     0.0     0.0     0.0     0.0     0.0     0.0     0.0     6.0     0.0     0.0     11.0    0.0     1515.0  0.0     0.0     0.0     0.0     0.0     0.0     0.0    
0.0     7.0     0.0     0.0     0.0     0.0     0.0     0.0     0.0     0.0     0.0     0.0     0.0     0.0     0.0     0.0     0.0     0.0     3.0     0.0     557.0   0.0     0.0     0.0     0.0     0.0     0.0     0.0    
0.0     6.0     0.0     0.0     0.0     0.0     0.0     0.0     0.0     0.0     0.0     0.0     0.0     0.0     0.0     0.0     0.0     0.0     1.0     0.0     284.0   0.0     0.0     0.0     0.0     0.0     0.0     0.0    
0.0     7.0     0.0     0.0     0.0     0.0     0.0     0.0     0.0     0.0     0.0     0.0     0.0     0.0     0.0     2.0     0.0     0.0     14.0    0.0     580.0   0.0     0.0     0.0     0.0     0.0     0.0     0.0    
0.0     4.0     0.0     0.0     0.0     0.0     0.0     0.0     0.0     0.0     0.0     0.0     0.0     0.0     0.0     0.0     0.0     0.0     0.0     0.0     358.0   0.0     0.0     0.0     0.0     0.0     0.0     0.0    
0.0     4.0     0.0     0.0     0.0     0.0     0.0     0.0     0.0     0.0     0.0     0.0     0.0     0.0     0.0     1031.0  0.0     0.0     13.0    0.0     355.0   0.0     0.0     0.0     0.0     0.0     0.0     0.0    
0.0     0.0     0.0     0.0     0.0     0.0     0.0     0.0     0.0     0.0     0.0     0.0     0.0     0.0     0.0     0.0     0.0     0.0     0.0     0.0     80.0    0.0     0.0     0.0     0.0     0.0     0.0     0.0    
0.0     25.0    0.0     0.0     0.0     0.0     0.0     0.0     0.0     0.0     0.0     0.0     0.0     0.0     0.0     5.0     0.0     0.0     43.0    0.0     776.0   0.0     0.0     0.0     0.0     0.0     0.0     0.0    
0.0     6.0     0.0     0.0     0.0     0.0     0.0     0.0     0.0     0.0     0.0     0.0     0.0     0.0     0.0     8.0     0.0     0.0     594.0   0.0     379.0   0.0     0.0     0.0     0.0     0.0     0.0     0.0    
0.0     0.0     0.0     0.0     0.0     0.0     0.0     0.0     0.0     0.0     0.0     0.0     0.0     0.0     0.0     1.0     0.0     0.0     0.0     0.0     171.0   0.0     0.0     0.0     0.0     0.0     0.0     0.0    
0.0     114.0   0.0     0.0     0.0     0.0     0.0     0.0     0.0     0.0     0.0     0.0     0.0     0.0     0.0     56.0    0.0     0.0     131.0   0.0     10854.0 0.0     0.0     0.0     0.0     0.0     0.0     0.0    
0.0     6.0     0.0     0.0     0.0     0.0     0.0     0.0     0.0     0.0     0.0     0.0     0.0     0.0     0.0     2.0     0.0     0.0     17.0    0.0     908.0   0.0     0.0     0.0     0.0     0.0     0.0     0.0    
0.0     1.0     0.0     0.0     0.0     0.0     0.0     0.0     0.0     0.0     0.0     0.0     0.0     0.0     0.0     0.0     0.0     0.0     0.0     0.0     127.0   0.0     0.0     0.0     0.0     0.0     0.0     0.0    
0.0     9.0     0.0     0.0     0.0     0.0     0.0     0.0     0.0     0.0     0.0     0.0     0.0     0.0     0.0     3.0     0.0     0.0     10.0    0.0     929.0   0.0     0.0     0.0     0.0     0.0     0.0     0.0    
0.0     0.0     0.0     0.0     0.0     0.0     0.0     0.0     0.0     0.0     0.0     0.0     0.0     0.0     0.0     11.0    0.0     0.0     1.0     0.0     143.0   0.0     0.0     0.0     0.0     0.0     0.0     0.0    
0.0     3.0     0.0     0.0     0.0     0.0     0.0     0.0     0.0     0.0     0.0     0.0     0.0     0.0     0.0     0.0     0.0     0.0     2.0     0.0     281.0   0.0     0.0     0.0     0.0     0.0     0.0     0.0    
0.0     6.0     0.0     0.0     0.0     0.0     0.0     0.0     0.0     0.0     0.0     0.0     0.0     0.0     0.0     1.0     0.0     0.0     2.0     0.0     754.0   0.0     0.0     0.0     0.0     0.0     0.0     0.0    
0.0     3.0     0.0     0.0     0.0     0.0     0.0     0.0     0.0     0.0     0.0     0.0     0.0     0.0     0.0     1.0     0.0     0.0     4.0     0.0     645.0   0.0     0.0     0.0     0.0     0.0     0.0     0.0    
Classification report:
remorse: Precision = 0.0, Recall = 0.0, F1-measure = 0.0
disgust: Precision = 0.0, Recall = 0.0, F1-measure = 0.0
surprise: Precision = 0.0, Recall = 0.0, F1-measure = 0.0
optimism: Precision = 0.0, Recall = 0.0, F1-measure = 0.0
nervousness: Precision = 0.0, Recall = 0.0, F1-measure = 0.0
approval: Precision = 0.0, Recall = 0.0, F1-measure = 0.0
fear: Precision = 0.0, Recall = 0.0, F1-measure = 0.0
desire: Precision = 0.0, Recall = 0.0, F1-measure = 0.0
caring: Precision = 0.0, Recall = 0.0, F1-measure = 0.0
excitement: Precision = 0.0, Recall = 0.0, F1-measure = 0.0
anger: Precision = 0.0, Recall = 0.0, F1-measure = 0.0
admiration: Precision = 0.0, Recall = 0.0, F1-measure = 0.0
curiosity: Precision = 0.0, Recall = 0.0, F1-measure = 0.0
confusion: Precision = 0.0, Recall = 0.0, F1-measure = 0.0
gratitude: Precision = 0.8693086003372681, Recall = 0.7348538845331433, F1-measure = 0.7964465044418694
joy: Precision = 0.0, Recall = 0.0, F1-measure = 0.0
embarrassment: Precision = 0.0, Recall = 0.0, F1-measure = 0.0
realization: Precision = 0.0, Recall = 0.0, F1-measure = 0.0
love: Precision = 0.5657142857142857, Recall = 0.601823708206687, F1-measure = 0.5832106038291606
grief: Precision = 0.0, Recall = 0.0, F1-measure = 0.0
annoyance: Precision = 0.0, Recall = 0.0, F1-measure = 0.0
relief: Precision = 0.0, Recall = 0.0, F1-measure = 0.0
pride: Precision = 0.0, Recall = 0.0, F1-measure = 0.0
amusement: Precision = 0.5526315789473685, Recall = 0.3278553820870994, F1-measure = 0.41155234657039713
neutral: Precision = 0.34560275106667515, Recall = 0.9730165844912595, F1-measure = 0.5100444068513428
sadness: Precision = 0.0, Recall = 0.0, F1-measure = 0.0
disapproval: Precision = 0.0, Recall = 0.0, F1-measure = 0.0
disappointment: Precision = 0.0, Recall = 0.0, F1-measure = 0.0
Accuracy = 0.3747526481201257, Macro-average F1 = 0.08218763791759891, Weighted-average F1 = 0.22941007670568694


Top-DT {'criterion': 'gini', 'max_depth': 4, 'min_samples_split': 2} (sentiment):
Confusion matrix:
1.0     0.0     3760.0  100.0  
0.0     4.0     7449.0  233.0  
0.0     1.0     10552.0 407.0  
0.0     5.0     9218.0  2634.0 
Classification report:
negative: Precision = 0.4, Recall = 0.0005204267499349467, F1-measure = 0.0010395010395010393
ambiguous: Precision = 1.0, Recall = 0.000259000259000259, F1-measure = 0.0005178663904712585
positive: Precision = 0.7806757557794902, Recall = 0.22214725478620223, F1-measure = 0.3458735473704943
neutral: Precision = 0.3406178378901837, Recall = 0.9627737226277372, F1-measure = 0.5032070387944395
Accuracy = 0.3838610173437318, Macro-average F1 = 0.21265948839872653, Weighted-average F1 = 0.2801234106472536


Top-MLP {'activation': 'relu', 'hidden_layer_sizes': (30, 50), 'max_iter': 3, 'solver': 'adam'} (emotion):
Confusion matrix:
1182.0  21.0    5.0     11.0    55.0    15.0    4.0     12.0    5.0     5.0     8.0     5.0     1.0     4.0     5.0     52.0    0.0     47.0    77.0    0.0     523.0   29.0    0.0     3.0     0.0     1.0     1.0     28.0   
43.0    721.0   10.0    7.0     12.0    3.0     5.0     4.0     0.0     1.0     5.0     1.0     4.0     3.0     5.0     9.0     0.0     26.0    16.0    0.0     307.0   7.0     0.0     2.0     0.0     4.0     4.0     18.0   
8.0     18.0    315.0   53.0    9.0     5.0     5.0     12.0    6.0     8.0     18.0    29.0    2.0     0.0     11.0    4.0     0.0     4.0     4.0     0.0     494.0   3.0     0.0     1.0     0.0     2.0     20.0    6.0    
27.0    52.0    131.0   146.0   36.0    16.0    12.0    24.0    10.0    20.0    63.0    37.0    7.0     1.0     16.0    14.0    0.0     9.0     11.0    0.0     978.0   9.0     0.0     0.0     0.0     5.0     17.0    16.0   
164.0   48.0    9.0     29.0    280.0   49.0    7.0     22.0    14.0    10.0    42.0    16.0    3.0     5.0     5.0     28.0    0.0     20.0    37.0    0.0     1422.0  50.0    0.0     7.0     0.0     9.0     16.0    13.0   
28.0    5.0     6.0     13.0    13.0    132.0   1.0     4.0     6.0     8.0     11.0    0.0     0.0     0.0     7.0     19.0    0.0     19.0    9.0     0.0     356.0   28.0    0.0     1.0     0.0     17.0    5.0     2.0    
9.0     21.0    10.0    8.0     17.0    2.0     114.0   84.0    1.0     3.0     26.0    4.0     2.0     1.0     4.0     5.0     0.0     3.0     6.0     0.0     579.0   9.0     0.0     9.0     0.0     4.0     2.0     8.0    
26.0    16.0    11.0    11.0    13.0    3.0     33.0    273.0   5.0     4.0     10.0    0.0     4.0     5.0     5.0     4.0     0.0     6.0     7.0     0.0     703.0   6.0     0.0     1.0     0.0     4.0     4.0     25.0   
11.0    5.0     3.0     5.0     8.0     7.0     4.0     2.0     94.0    2.0     4.0     1.0     0.0     2.0     2.0     3.0     0.0     8.0     14.0    0.0     225.0   34.0    0.0     0.0     0.0     0.0     3.0     1.0    
15.0    23.0    20.0    28.0    11.0    12.0    6.0     9.0     7.0     68.0    32.0    19.0    5.0     0.0     7.0     5.0     0.0     2.0     8.0     0.0     557.0   10.0    0.0     11.0    0.0     7.0     59.0    6.0    
28.0    26.0    40.0    43.0    51.0    18.0    18.0    9.0     6.0     23.0    193.0   18.0    7.0     0.0     8.0     8.0     0.0     7.0     6.0     0.0     982.0   12.0    0.0     3.0     0.0     5.0     22.0    13.0   
9.0     8.0     49.0    26.0    4.0     0.0     3.0     3.0     0.0     8.0     9.0     115.0   8.0     0.0     16.0    0.0     0.0     2.0     3.0     0.0     285.0   4.0     0.0     1.0     0.0     2.0     7.0     5.0    
4.0     9.0     5.0     18.0    4.0     0.0     4.0     3.0     0.0     4.0     7.0     15.0    54.0    0.0     3.0     0.0     0.0     0.0     1.0     0.0     132.0   1.0     0.0     2.0     0.0     14.0    9.0     2.0    
80.0    15.0    10.0    2.0     12.0    2.0     6.0     16.0    1.0     1.0     4.0     1.0     0.0     59.0    2.0     15.0    0.0     41.0    12.0    0.0     280.0   7.0     0.0     1.0     0.0     0.0     5.0     31.0   
1.0     6.0     8.0     11.0    4.0     5.0     1.0     4.0     2.0     4.0     4.0     14.0    4.0     0.0     135.0   1.0     0.0     1.0     2.0     0.0     143.0   3.0     0.0     4.0     0.0     0.0     5.0     0.0    
99.0    2.0     2.0     2.0     0.0     11.0    1.0     1.0     1.0     2.0     1.0     1.0     0.0     0.0     1.0     1107.0  0.0     31.0    9.0     0.0     87.0    15.0    0.0     1.0     0.0     25.0    2.0     2.0    
2.0     0.0     2.0     2.0     0.0     3.0     0.0     0.0     0.0     2.0     1.0     0.0     0.0     0.0     1.0     2.0     0.0     0.0     0.0     0.0     51.0    1.0     0.0     0.0     0.0     3.0     10.0    0.0    
91.0    126.0   2.0     1.0     15.0    9.0     1.0     5.0     6.0     1.0     1.0     2.0     0.0     5.0     2.0     46.0    0.0     221.0   53.0    0.0     242.0   10.0    0.0     2.0     1.0     2.0     0.0     5.0    
84.0    7.0     0.0     5.0     9.0     8.0     1.0     2.0     6.0     0.0     5.0     0.0     2.0     1.0     0.0     9.0     0.0     18.0    604.0   0.0     208.0   7.0     0.0     2.0     0.0     2.0     5.0     2.0    
0.0     1.0     3.0     2.0     4.0     7.0     1.0     2.0     0.0     8.0     4.0     2.0     1.0     0.0     11.0    0.0     0.0     0.0     0.0     0.0     109.0   5.0     0.0     3.0     0.0     4.0     4.0     1.0    
387.0   239.0   174.0   160.0   271.0   118.0   81.0    224.0   66.0    53.0    224.0   65.0    19.0    29.0    56.0    86.0    0.0     81.0    140.0   0.0     8293.0  124.0   0.0     40.0    0.0     52.0    80.0    93.0   
45.0    11.0    5.0     6.0     30.0    38.0    3.0     4.0     23.0    3.0     15.0    4.0     2.0     2.0     1.0     6.0     0.0     14.0    16.0    0.0     404.0   288.0   0.0     2.0     0.0     2.0     3.0     6.0    
29.0    4.0     1.0     0.0     4.0     1.0     0.0     2.0     0.0     1.0     0.0     1.0     1.0     0.0     0.0     6.0     0.0     5.0     0.0     0.0     68.0    3.0     0.0     0.0     0.0     1.0     1.0     0.0    
23.0    21.0    8.0     10.0    45.0    8.0     7.0     6.0     4.0     11.0    25.0    5.0     1.0     2.0     9.0     7.0     0.0     5.0     10.0    0.0     653.0   15.0    0.0     36.0    0.0     8.0     11.0    21.0   
17.0    0.0     0.0     0.0     4.0     10.0    0.0     0.0     2.0     1.0     1.0     0.0     0.0     0.0     2.0     12.0    0.0     14.0    1.0     0.0     78.0    6.0     0.0     1.0     1.0     0.0     5.0     0.0    
2.0     0.0     2.0     2.0     4.0     5.0     0.0     0.0     2.0     5.0     4.0     1.0     2.0     0.0     1.0     10.0    0.0     0.0     1.0     0.0     80.0    2.0     0.0     3.0     0.0     146.0   14.0    0.0    
4.0     6.0     8.0     17.0    17.0    9.0     0.0     1.0     9.0     37.0    8.0     12.0    1.0     0.0     9.0     11.0    0.0     6.0     2.0     0.0     340.0   7.0     0.0     6.0     0.0     57.0    194.0   2.0    
36.0    11.0    13.0    4.0     11.0    0.0     3.0     33.0    1.0     3.0     2.0     3.0     2.0     2.0     3.0     4.0     0.0     3.0     5.0     0.0     310.0   2.0     0.0     5.0     0.0     1.0     6.0     190.0  
Classification report:
remorse: Precision = 0.38726790450928383, Recall = 0.5104895104895105, F1-measure = 0.44042232277526394
disgust: Precision = 0.30997304582210244, Recall = 0.20282186948853614, F1-measure = 0.24520255863539442
surprise: Precision = 0.38306451612903225, Recall = 0.29096477794793263, F1-measure = 0.3307223672758921
optimism: Precision = 0.4131994261119082, Recall = 0.3086816720257235, F1-measure = 0.35337423312883437
nervousness: Precision = 0.0, Recall = 0.0, F1-measure = 0.0
approval: Precision = 0.29692470837751855, Recall = 0.12147505422993492, F1-measure = 0.17241379310344826
fear: Precision = 0.41284403669724773, Recall = 0.3729281767955801, F1-measure = 0.3918722786647315
desire: Precision = 0.33935018050541516, Recall = 0.2146118721461187, F1-measure = 0.2629370629370629
caring: Precision = 0.2661290322580645, Recall = 0.19130434782608696, F1-measure = 0.22259696458684655
excitement: Precision = 0.48760330578512395, Recall = 0.0978441127694859, F1-measure = 0.16298342541436464
anger: Precision = 0.36971830985915494, Recall = 0.3037608486017358, F1-measure = 0.33350979354155635
admiration: Precision = 0.48166259168704156, Recall = 0.5631252977608385, F1-measure = 0.5192180979573907
curiosity: Precision = 0.3587385019710907, Recall = 0.23155216284987276, F1-measure = 0.28144329896907216
confusion: Precision = 0.35514018691588783, Recall = 0.12244897959183673, F1-measure = 0.18210862619808307
gratitude: Precision = 0.7515274949083504, Recall = 0.7890235210263721, F1-measure = 0.7698191933240612
joy: Precision = 0.37268128161888703, Recall = 0.26030624263839813, F1-measure = 0.3065187239944522
embarrassment: Precision = 0.4090909090909091, Recall = 0.18556701030927836, F1-measure = 0.2553191489361702
realization: Precision = 0.24489795918367346, Recall = 0.03785488958990536, F1-measure = 0.06557377049180328
love: Precision = 0.573055028462998, Recall = 0.6119554204660588, F1-measure = 0.5918667319941205
grief: Precision = 0.0, Recall = 0.0, F1-measure = 0.0
annoyance: Precision = 0.2347266881028939, Recall = 0.08811104405552203, F1-measure = 0.12812637121544537
relief: Precision = 0.5, Recall = 0.0064516129032258064, F1-measure = 0.012738853503184712
pride: Precision = 0.0, Recall = 0.0, F1-measure = 0.0
amusement: Precision = 0.5070323488045007, Recall = 0.5924404272801972, F1-measure = 0.5464190981432361
neutral: Precision = 0.43903859389062416, Recall = 0.7434334379202151, F1-measure = 0.5520569830914658
sadness: Precision = 0.377431906614786, Recall = 0.254259501965924, F1-measure = 0.3038371182458888
disapproval: Precision = 0.265474552957359, Recall = 0.12483829236739974, F1-measure = 0.16981962164540254
disappointment: Precision = 0.22972972972972974, Recall = 0.07335490830636461, F1-measure = 0.11120196238757153
Accuracy = 0.4353684087999069, Macro-average F1 = 0.27543222857716937, Weighted-average F1 = 0.3884895538391726


Top-MLP {'activation': 'relu', 'hidden_layer_sizes': (30, 50), 'max_iter': 3, 'solver': 'adam'} (sentiment):
Confusion matrix:
1332.0  581.0   1310.0  638.0  
384.0   4506.0  1917.0  879.0  
855.0   2103.0  5682.0  2320.0 
401.0   1053.0  2283.0  8120.0 
Classification report:
negative: Precision = 0.5466456387237656, Recall = 0.5862607338017174, F1-measure = 0.5657605624960762
ambiguous: Precision = 0.44818304172274565, Recall = 0.34498834498834496, F1-measure = 0.3898726767159374
positive: Precision = 0.6791001087229238, Recall = 0.6848275280425066, F1-measure = 0.6819517930629041
neutral: Precision = 0.5076840600428878, Recall = 0.5184306569343066, F1-measure = 0.5130010834236187
Accuracy = 0.5715283436154115, Macro-average F1 = 0.5376465289246342, Weighted-average F1 = 0.569262262042102


Base-MLP embeddings (emotion):
Confusion matrix:
902.0   21.0    5.0     5.0     7.0     10.0    0.0     4.0     2.0     0.0     0.0     2.0     0.0     4.0     1.0     68.0    0.0     17.0    92.0    0.0     950.0   9.0     0.0     0.0     0.0     0.0     4.0     7.0    
49.0    435.0   4.0     9.0     1.0     1.0     0.0     5.0     0.0     0.0     0.0     1.0     0.0     0.0     0.0     9.0     0.0     20.0    14.0    0.0     662.0   4.0     0.0     0.0     0.0     2.0     7.0     1.0    
11.0    11.0    99.0    39.0    0.0     2.0     1.0     9.0     2.0     0.0     3.0     10.0    0.0     0.0     0.0     5.0     0.0     1.0     8.0     0.0     780.0   3.0     0.0     0.0     0.0     1.0     15.0    0.0    
25.0    45.0    37.0    48.0    5.0     3.0     1.0     8.0     0.0     4.0     4.0     14.0    0.0     0.0     3.0     14.0    0.0     4.0     5.0     0.0     1445.0  2.0     0.0     0.0     0.0     4.0     13.0    2.0    
130.0   32.0    3.0     2.0     55.0    5.0     0.0     4.0     2.0     3.0     11.0    6.0     0.0     1.0     0.0     31.0    0.0     5.0     44.0    0.0     1844.0  16.0    0.0     0.0     0.0     6.0     14.0    1.0    
19.0    4.0     1.0     0.0     3.0     48.0    0.0     2.0     2.0     0.0     0.0     0.0     0.0     0.0     0.0     18.0    0.0     7.0     11.0    0.0     519.0   23.0    0.0     0.0     0.0     4.0     11.0    0.0    
14.0    10.0    2.0     3.0     2.0     2.0     14.0    28.0    0.0     0.0     2.0     0.0     0.0     0.0     2.0     4.0     0.0     0.0     2.0     0.0     852.0   2.0     0.0     0.0     0.0     2.0     2.0     3.0    
24.0    14.0    2.0     5.0     3.0     1.0     7.0     104.0   1.0     1.0     0.0     0.0     0.0     0.0     0.0     10.0    0.0     1.0     6.0     0.0     1000.0  1.0     0.0     0.0     0.0     0.0     2.0     2.0    
9.0     6.0     0.0     0.0     4.0     0.0     0.0     0.0     36.0    1.0     1.0     0.0     0.0     0.0     1.0     9.0     0.0     4.0     21.0    0.0     326.0   15.0    0.0     0.0     0.0     0.0     2.0     0.0    
12.0    7.0     2.0     7.0     1.0     2.0     2.0     0.0     3.0     6.0     4.0     9.0     0.0     0.0     1.0     14.0    0.0     2.0     4.0     0.0     838.0   8.0     0.0     0.0     0.0     7.0     57.0    3.0    
24.0    20.0    9.0     11.0    14.0    2.0     3.0     1.0     1.0     1.0     35.0    9.0     0.0     0.0     2.0     11.0    0.0     2.0     13.0    0.0     1352.0  5.0     0.0     0.0     0.0     6.0     14.0    1.0    
14.0    11.0    19.0    17.0    1.0     1.0     0.0     0.0     0.0     2.0     2.0     49.0    0.0     0.0     0.0     1.0     0.0     0.0     6.0     0.0     457.0   1.0     0.0     0.0     0.0     0.0     14.0    0.0    
5.0     9.0     2.0     3.0     1.0     0.0     0.0     0.0     0.0     1.0     0.0     6.0     0.0     0.0     3.0     1.0     0.0     0.0     1.0     0.0     241.0   0.0     0.0     0.0     0.0     5.0     8.0     0.0    
69.0    8.0     2.0     1.0     3.0     1.0     0.0     5.0     1.0     0.0     0.0     2.0     0.0     16.0    0.0     23.0    0.0     19.0    15.0    0.0     429.0   10.0    0.0     0.0     0.0     0.0     3.0     5.0    
3.0     3.0     1.0     0.0     1.0     3.0     0.0     1.0     0.0     0.0     0.0     11.0    0.0     0.0     32.0    0.0     0.0     0.0     1.0     0.0     267.0   2.0     0.0     0.0     0.0     0.0     15.0    2.0    
73.0    8.0     0.0     1.0     2.0     8.0     0.0     0.0     0.0     0.0     0.0     1.0     0.0     2.0     1.0     998.0   0.0     20.0    8.0     0.0     246.0   12.0    0.0     0.0     0.0     9.0     5.0     0.0    
2.0     0.0     1.0     0.0     0.0     1.0     0.0     0.0     0.0     0.0     0.0     0.0     0.0     0.0     0.0     0.0     0.0     0.0     0.0     0.0     49.0    0.0     0.0     0.0     0.0     3.0     7.0     0.0    
82.0    60.0    2.0     1.0     1.0     1.0     0.0     0.0     0.0     0.0     1.0     0.0     0.0     10.0    0.0     64.0    0.0     94.0    49.0    0.0     478.0   10.0    0.0     0.0     0.0     2.0     2.0     2.0    
56.0    8.0     1.0     0.0     1.0     1.0     0.0     0.0     2.0     0.0     0.0     0.0     0.0     3.0     0.0     7.0     0.0     7.0     573.0   0.0     327.0   4.0     0.0     0.0     0.0     0.0     1.0     1.0    
1.0     1.0     0.0     1.0     0.0     0.0     0.0     0.0     0.0     2.0     1.0     0.0     0.0     0.0     0.0     0.0     0.0     0.0     0.0     0.0     120.0   1.0     0.0     0.0     0.0     1.0     10.0    0.0    
308.0   145.0   66.0    28.0    58.0    23.0    7.0     97.0    9.0     7.0     23.0    22.0    0.0     8.0     10.0    93.0    0.0     43.0    112.0   0.0     9871.0  38.0    0.0     0.0     0.0     8.0     73.0    10.0   
36.0    7.0     0.0     0.0     7.0     13.0    0.0     1.0     4.0     0.0     1.0     0.0     0.0     0.0     0.0     28.0    0.0     4.0     10.0    0.0     700.0   133.0   0.0     0.0     0.0     0.0     3.0     4.0    
28.0    2.0     0.0     0.0     0.0     2.0     0.0     0.0     0.0     0.0     2.0     0.0     0.0     0.0     0.0     8.0     0.0     0.0     2.0     0.0     94.0    1.0     0.0     0.0     0.0     1.0     0.0     0.0    
26.0    13.0    2.0     1.0     4.0     1.0     1.0     2.0     0.0     1.0     2.0     1.0     0.0     0.0     0.0     4.0     0.0     3.0     9.0     0.0     923.0   2.0     0.0     0.0     0.0     4.0     7.0     3.0    
11.0    2.0     0.0     2.0     1.0     0.0     0.0     1.0     0.0     0.0     0.0     0.0     0.0     0.0     0.0     11.0    0.0     2.0     2.0     0.0     121.0   3.0     0.0     0.0     0.0     0.0     7.0     0.0    
4.0     2.0     0.0     2.0     0.0     0.0     0.0     0.0     1.0     0.0     0.0     1.0     0.0     0.0     0.0     9.0     0.0     0.0     2.0     0.0     184.0   2.0     0.0     0.0     0.0     68.0    31.0    0.0    
8.0     3.0     4.0     4.0     0.0     2.0     0.0     3.0     1.0     0.0     0.0     8.0     0.0     0.0     2.0     8.0     0.0     1.0     10.0    0.0     543.0   5.0     0.0     0.0     0.0     33.0    144.0   0.0    
34.0    13.0    9.0     2.0     1.0     1.0     7.0     5.0     0.0     0.0     1.0     4.0     0.0     0.0     2.0     3.0     0.0     6.0     1.0     0.0     541.0   2.0     0.0     0.0     0.0     1.0     2.0     44.0   
Classification report:
grief: Precision = 0.0, Recall = 0.0, F1-measure = 0.0
realization: Precision = 0.0, Recall = 0.0, F1-measure = 0.0
admiration: Precision = 0.4557857503789793, Recall = 0.42748815165876775, F1-measure = 0.4411836634874052
annoyance: Precision = 0.25, Recall = 0.028469750889679714, F1-measure = 0.0511182108626198
Accuracy = 0.40169945291584214, Macro-average F1 = 0.16931282469413153, Weighted-average F1 = 0.3041159451683536


Base-MLP embeddings (sentiment):
Confusion matrix:
601.0   676.0   1702.0  857.0  
178.0   3949.0  2381.0  1251.0 
396.0   2005.0  5908.0  2724.0 
185.0   1292.0  2475.0  7784.0 
Classification report:
positive: Precision = 0.6169942929613189, Recall = 0.6632583503749148, F1-measure = 0.6392904073587384
ambiguous: Precision = 0.44191176470588234, Recall = 0.15667361835245047, F1-measure = 0.2313317936874519
neutral: Precision = 0.47392908711695814, Recall = 0.5354844557237379, F1-measure = 0.502829907655645
negative: Precision = 0.49848523100227216, Recall = 0.5089573398633844, F1-measure = 0.503666857980996
Accuracy = 0.5308462344313817, Macro-average F1 = 0.46927974167070785, Weighted-average F1 = 0.519315984855852


Top-MLP embeddings{'activation': 'relu', 'hidden_layer_sizes': (30, 50), 'max_iter': 3, 'solver': 'adam'} (emotion):
Confusion matrix:
964.0   39.0    4.0     1.0     3.0     9.0     0.0     8.0     0.0     0.0     0.0     6.0     0.0     2.0     0.0     55.0    0.0     14.0    85.0    0.0     904.0   6.0     0.0     0.0     0.0     1.0     3.0     6.0    
55.0    555.0   6.0     5.0     0.0     1.0     0.0     4.0     0.0     0.0     0.0     0.0     0.0     0.0     0.0     4.0     0.0     12.0    11.0    0.0     567.0   1.0     0.0     0.0     0.0     0.0     3.0     0.0    
8.0     26.0    96.0    5.0     0.0     1.0     0.0     9.0     0.0     0.0     5.0     17.0    0.0     0.0     0.0     3.0     0.0     0.0     5.0     0.0     807.0   0.0     0.0     0.0     0.0     1.0     17.0    0.0    
32.0    72.0    34.0    13.0    0.0     3.0     0.0     12.0    0.0     0.0     9.0     12.0    0.0     0.0     1.0     9.0     0.0     1.0     3.0     0.0     1462.0  1.0     0.0     0.0     0.0     3.0     18.0    1.0    
154.0   52.0    5.0     0.0     14.0    2.0     0.0     7.0     0.0     0.0     12.0    5.0     0.0     0.0     0.0     23.0    0.0     2.0     33.0    0.0     1877.0  9.0     0.0     0.0     0.0     7.0     9.0     4.0    
23.0    10.0    1.0     1.0     0.0     36.0    0.0     6.0     0.0     0.0     1.0     0.0     0.0     0.0     0.0     13.0    0.0     2.0     7.0     0.0     542.0   17.0    0.0     0.0     0.0     5.0     8.0     0.0    
13.0    20.0    1.0     2.0     1.0     0.0     12.0    41.0    0.0     0.0     6.0     0.0     0.0     0.0     1.0     3.0     0.0     0.0     3.0     0.0     839.0   0.0     0.0     0.0     0.0     1.0     1.0     2.0    
22.0    23.0    3.0     0.0     1.0     0.0     1.0     125.0   0.0     0.0     1.0     0.0     0.0     0.0     0.0     4.0     0.0     0.0     8.0     0.0     989.0   0.0     0.0     0.0     0.0     0.0     2.0     5.0    
13.0    11.0    1.0     0.0     0.0     1.0     0.0     5.0     2.0     0.0     1.0     0.0     0.0     0.0     1.0     6.0     0.0     5.0     18.0    0.0     347.0   23.0    0.0     0.0     0.0     0.0     1.0     0.0    
20.0    20.0    2.0     2.0     0.0     0.0     0.0     0.0     1.0     0.0     4.0     8.0     0.0     0.0     0.0     8.0     0.0     1.0     3.0     0.0     854.0   5.0     0.0     0.0     0.0     5.0     54.0    2.0    
28.0    34.0    8.0     5.0     1.0     1.0     1.0     2.0     0.0     0.0     29.0    10.0    0.0     0.0     0.0     6.0     0.0     1.0     11.0    0.0     1374.0  3.0     0.0     0.0     0.0     6.0     16.0    0.0    
17.0    22.0    11.0    4.0     0.0     1.0     0.0     0.0     0.0     0.0     2.0     48.0    0.0     0.0     0.0     0.0     0.0     0.0     5.0     0.0     471.0   0.0     0.0     0.0     0.0     0.0     13.0    1.0    
4.0     15.0    3.0     2.0     0.0     0.0     1.0     0.0     0.0     0.0     0.0     3.0     0.0     0.0     1.0     1.0     0.0     0.0     0.0     0.0     239.0   0.0     0.0     0.0     0.0     3.0     13.0    1.0    
74.0    24.0    2.0     0.0     1.0     2.0     0.0     6.0     0.0     0.0     0.0     2.0     0.0     4.0     0.0     15.0    0.0     25.0    16.0    0.0     430.0   4.0     0.0     0.0     0.0     0.0     3.0     4.0    
4.0     7.0     1.0     1.0     0.0     0.0     1.0     2.0     0.0     0.0     0.0     11.0    0.0     0.0     13.0    0.0     0.0     0.0     1.0     0.0     283.0   0.0     0.0     0.0     0.0     0.0     16.0    2.0    
99.0    26.0    0.0     0.0     0.0     7.0     0.0     0.0     0.0     0.0     0.0     0.0     0.0     1.0     0.0     934.0   0.0     17.0    4.0     0.0     275.0   15.0    0.0     0.0     0.0     8.0     8.0     0.0    
2.0     0.0     1.0     0.0     0.0     1.0     0.0     0.0     0.0     0.0     0.0     0.0     0.0     0.0     0.0     0.0     0.0     0.0     1.0     0.0     46.0    1.0     0.0     0.0     0.0     3.0     8.0     0.0    
114.0   93.0    0.0     1.0     1.0     1.0     0.0     1.0     0.0     0.0     0.0     0.0     0.0     2.0     0.0     49.0    0.0     60.0    36.0    0.0     483.0   12.0    0.0     0.0     0.0     2.0     1.0     3.0    
80.0    10.0    1.0     0.0     0.0     1.0     0.0     1.0     0.0     0.0     0.0     0.0     0.0     1.0     0.0     7.0     0.0     3.0     529.0   0.0     353.0   4.0     0.0     0.0     0.0     0.0     1.0     1.0    
1.0     1.0     0.0     1.0     0.0     0.0     0.0     1.0     0.0     0.0     1.0     0.0     0.0     0.0     0.0     0.0     0.0     0.0     0.0     0.0     118.0   0.0     0.0     0.0     0.0     1.0     14.0    0.0    
368.0   233.0   51.0    6.0     7.0     12.0    11.0    124.0   1.0     0.0     31.0    25.0    0.0     3.0     5.0     62.0    0.0     28.0    86.0    0.0     9900.0  18.0    0.0     0.0     0.0     7.0     70.0    11.0   
55.0    14.0    0.0     0.0     1.0     14.0    1.0     4.0     0.0     0.0     2.0     0.0     0.0     0.0     0.0     13.0    0.0     7.0     7.0     0.0     717.0   107.0   0.0     0.0     0.0     0.0     6.0     3.0    
31.0    4.0     0.0     0.0     0.0     1.0     1.0     0.0     0.0     0.0     2.0     0.0     0.0     0.0     0.0     4.0     0.0     0.0     0.0     0.0     95.0    1.0     0.0     0.0     0.0     0.0     1.0     0.0    
30.0    27.0    0.0     0.0     0.0     3.0     0.0     5.0     0.0     0.0     3.0     3.0     0.0     0.0     0.0     4.0     0.0     4.0     9.0     0.0     908.0   0.0     0.0     0.0     0.0     3.0     7.0     3.0    
14.0    4.0     0.0     0.0     0.0     0.0     0.0     0.0     0.0     0.0     0.0     0.0     0.0     0.0     0.0     8.0     0.0     2.0     1.0     0.0     124.0   2.0     0.0     0.0     0.0     0.0     8.0     0.0    
4.0     5.0     0.0     2.0     0.0     0.0     0.0     0.0     0.0     0.0     0.0     0.0     0.0     0.0     0.0     8.0     0.0     0.0     1.0     0.0     179.0   2.0     0.0     0.0     0.0     63.0    42.0    0.0    
9.0     7.0     3.0     0.0     0.0     1.0     0.0     4.0     0.0     0.0     1.0     8.0     0.0     0.0     0.0     5.0     0.0     1.0     10.0    0.0     564.0   4.0     0.0     0.0     0.0     26.0    136.0   0.0    
33.0    27.0    5.0     0.0     0.0     1.0     0.0     18.0    0.0     0.0     1.0     5.0     0.0     2.0     3.0     1.0     0.0     4.0     2.0     0.0     543.0   0.0     0.0     0.0     0.0     1.0     4.0     29.0   
Classification report:
grief: Precision = 0.0, Recall = 0.0, F1-measure = 0.0
realization: Precision = 0.0, Recall = 0.0, F1-measure = 0.0
admiration: Precision = 0.4244826067811537, Recall = 0.45687203791469194, F1-measure = 0.44008217301985847
annoyance: Precision = 0.2549019607843137, Recall = 0.00771055753262159, F1-measure = 0.01496833621185953
Accuracy = 0.39777092305901524, Macro-average F1 = 0.15160775675571014, Weighted-average F1 = 0.29329998081840597


Top-MLP embeddings{'activation': 'relu', 'hidden_layer_sizes': (30, 50), 'max_iter': 3, 'solver': 'adam'} (sentiment):
Confusion matrix:
577.0   541.0   1942.0  776.0  
172.0   3459.0  2879.0  1249.0 
364.0   1561.0  6579.0  2529.0 
160.0   1022.0  2916.0  7638.0 
Classification report:
positive: Precision = 0.6264763779527559, Recall = 0.6508179959100204, F1-measure = 0.6384152457372116
ambiguous: Precision = 0.45326001571091906, Recall = 0.15041710114702816, F1-measure = 0.22587590526521825
neutral: Precision = 0.45955574182732606, Recall = 0.5963020030816641, F1-measure = 0.5190737307191606
negative: Precision = 0.5254443262950023, Recall = 0.445804871761825, F1-measure = 0.48235950355598944
Accuracy = 0.5311663368641601, Macro-average F1 = 0.46643109631939506, Weighted-average F1 = 0.5188123954046302